Checkpoint	Train loss	Validation loss
Checkpoint	Train loss	Validation loss
0	5.72155	6.04553
1	4.28786	4.54349
2	3.9128	4.35436
3	3.74862	4.19692
4	3.53819	4.31389
5	3.46792	4.11717
6	3.36267	4.25897
7	3.18832	4.1393
8	3.08495	4.09261
9	3.00407	4.11311
10	2.83715	4.21109
11	2.73429	4.22847
12	2.70778	4.27708
13	2.67424	4.25753
14	2.59505	4.31821
15	2.59609	4.33486
16	2.56751	4.34627
17	2.565	4.24055
18	2.4661	4.35094
19	2.44399	4.44319
20	2.2969	4.35291
21	2.26267	4.50347
22	2.25005	4.55271
23	2.32149	4.46307
24	2.2431	4.36243
25	2.25794	4.54528
26	2.18445	4.48791
27	2.15579	4.60449
28	2.11727	4.50165
29	2.1536	4.57398
30	2.09532	4.49784
31	1.99013	4.80322
32	2.02545	4.53143
33	2.07929	4.64606
34	1.999	4.54999
35	2.0356	4.64955
36	2.02527	4.60977
37	2.00633	4.49892
38	2.05587	4.7065
39	1.94315	4.72721
40	1.83464	4.61914
41	1.92098	4.75391
42	1.88427	4.69953
43	1.89325	4.68309
44	1.96723	4.70659
45	2.01895	4.64648
46	1.97577	4.65625
47	1.92425	4.5222
48	1.91845	4.70939
49	1.9342	4.71184
50	1.84772	4.73406
51	1.86957	4.82691
52	1.76904	4.78678
53	1.83091	4.77245
54	1.8562	4.79668
55	1.8873	5.013
56	1.80196	4.78208
57	1.83185	4.95465
58	1.78538	4.75646
59	1.79239	4.72044
60	1.61902	4.7545
61	1.75487	4.87053
62	1.77653	4.99658
63	1.82771	4.98519
64	1.78556	4.89967
65	1.72989	4.91828
66	1.71796	4.88014
67	1.74137	4.83821
68	1.7218	4.93668
69	1.72061	4.85396
70	1.64904	4.91741
71	1.71609	5.03763
72	1.67414	4.87688
73	1.70742	4.84237
74	1.71769	5.04019
75	1.77667	5.12323
76	1.78653	4.84986
77	1.75666	4.94564
78	1.76756	5.02829
79	1.73913	5.04518
80	1.54374	5.04563
81	1.64522	4.99543
82	1.78074	5.00891
83	1.82273	4.95696
84	1.69939	5.2853
85	1.77342	5.00963
86	1.67058	5.0396
87	1.73106	5.01879
88	1.73581	5.05924
89	1.72182	5.22024
90	1.5642	5.08661
91	1.71515	5.0821
92	1.65887	5.03196
93	1.66515	5.00836
94	1.74408	5.16177
95	1.72636	5.15266
96	1.6938	5.07912
97	1.73188	5.05915
98	1.77493	5.04979
99	1.75479	5.20667
