Checkpoint	Train loss	Validation loss
0	5.78833	5.8995
1	5.18817	5.31139
2	4.58951	4.83843
3	4.33014	4.66255
4	4.23918	4.47552
5	4.06139	4.32558
6	4.12072	4.33887
7	3.96149	4.24819
8	3.83967	4.22003
9	3.87455	4.15121
10	3.66695	4.02839
11	3.71138	4.11619
12	3.64153	4.09005
13	3.6366	4.05008
14	3.77843	3.98594
15	3.6152	3.96021
16	3.65575	3.98942
17	3.59499	3.99511
18	3.54593	3.97877
19	3.62611	3.83387
20	3.41826	3.89329
21	3.30616	3.94198
22	3.37704	3.96713
23	3.48574	3.94052
24	3.29074	3.85267
25	3.43262	3.96317
26	3.39867	3.99666
27	3.37673	3.9059
28	3.41266	3.95274
29	3.39172	3.92127
30	3.36688	3.94256
31	3.08909	3.79937
32	2.99324	3.7555
33	3.23115	3.87977
34	3.21125	3.97067
35	3.11493	3.89553
36	3.11105	3.84352
37	3.14278	3.90028
38	3.18686	3.81464
39	3.16376	3.83342
40	2.95514	3.8423
41	2.86684	3.78055
42	3.03158	3.9168
43	2.91989	3.84288
44	3.05945	3.89517
45	2.9049	3.86949
46	2.95263	3.93363
47	2.95804	3.91169
48	3.01506	3.90209
49	2.96053	3.77612
50	2.74484	3.82846
51	2.60408	3.89889
52	2.80102	3.86004
53	2.79	3.92784
54	2.78687	3.84507
55	2.85941	4.00801
56	2.74346	3.88096
57	2.7757	3.87863
58	2.77236	3.91647
59	2.76785	3.9488
60	2.48162	3.90451
61	2.57357	3.88054
62	2.63121	3.90154
63	2.60193	3.8602
64	2.60186	3.85484
65	2.59257	3.97475
66	2.7037	3.90203
67	2.7031	3.94698
68	2.63782	4.07695
69	2.68422	4.04946
70	2.31506	3.87108
71	2.51904	3.94397
72	2.49288	3.73976
73	2.48893	3.95553
74	2.52872	4.01472
75	2.62093	3.96109
76	2.60163	3.82283
77	2.48442	4.09003
78	2.57626	3.78121
79	2.5257	4.009
80	2.33835	3.96581
81	2.42031	4.01715
82	2.43878	3.80268
83	2.36647	3.957
84	2.4463	3.87757
85	2.43845	3.96881
86	2.49393	3.96506
87	2.46361	3.96931
88	2.42976	4.09194
89	2.5654	4.0111
90	2.21264	4.01689
91	2.30709	3.96165
92	2.27115	3.84961
93	2.33904	4.14542
94	2.29738	3.99848
95	2.35694	4.08765
96	2.36746	4.13798
97	2.33002	3.97749
98	2.28937	3.92653
99	2.39574	3.97028
