Checkpoint	Train loss	Validation loss
0	5.73843	5.95609
1	5.25633	5.42582
2	4.76389	5.0385
3	4.37048	4.74483
4	4.22725	4.69567
5	4.22552	4.4779
6	4.11416	4.39188
7	4.08702	4.36388
8	3.97894	4.29915
9	3.89057	4.29542
10	3.58554	4.29037
11	3.75213	4.15117
12	3.73357	4.21316
13	3.72323	4.24391
14	3.70461	4.09513
15	3.59876	4.05665
16	3.64869	4.15399
17	3.68212	4.0663
18	3.49885	3.9631
19	3.54899	4.11535
20	3.33834	3.8883
21	3.34841	4.05972
22	3.42927	3.90119
23	3.37775	4.11938
24	3.33207	3.98822
25	3.43977	4.0474
26	3.43183	3.99618
27	3.39779	3.99652
28	3.39396	3.99889
29	3.39103	4.03571
30	3.03603	3.89236
31	3.11823	4.02321
32	3.02763	3.91264
33	3.21656	3.88054
34	3.15749	4.06315
35	3.15498	3.92826
36	3.22647	4.01547
37	3.1023	3.92213
38	3.13487	4.08084
39	3.09076	3.8795
40	2.92914	4.03479
41	2.97146	3.96811
42	2.93661	3.96732
43	2.92137	4.07331
44	2.83837	3.96978
45	2.97181	3.9137
46	2.90506	3.75832
47	2.97864	3.99594
48	3.06803	4.00025
49	2.9797	4.01598
50	2.79115	3.87225
51	2.74133	3.94664
52	2.68185	3.99304
53	2.74918	3.99017
54	2.72801	4.03565
55	2.82122	4.08747
56	2.72897	4.16454
57	2.84499	4.1006
58	2.8257	4.05753
59	2.76456	4.02794
60	2.52513	3.96561
61	2.58443	3.94442
62	2.58959	4.02861
63	2.63724	4.09682
64	2.65849	4.08974
65	2.55606	4.08939
66	2.69763	4.09016
67	2.74789	4.05896
68	2.659	4.08555
69	2.70866	4.21457
70	2.41196	4.02796
71	2.48314	4.04702
72	2.59404	4.04748
73	2.51248	4.20756
74	2.40275	3.95505
75	2.54691	3.95545
76	2.55808	4.18291
77	2.57511	4.11414
78	2.58006	4.16328
79	2.62767	4.04603
80	2.41535	4.05738
81	2.3903	4.12282
82	2.46636	4.08916
83	2.33913	4.04799
84	2.3968	3.96467
85	2.37284	4.02311
86	2.5025	4.15726
87	2.44422	4.13175
88	2.43523	4.17487
89	2.50942	4.14611
90	2.2023	4.23639
91	2.28868	4.06803
92	2.2793	4.08407
93	2.24009	4.21289
94	2.39983	4.13965
95	2.37123	4.30338
96	2.40581	4.12991
97	2.43244	4.27248
98	2.48823	4.16082
99	2.47147	4.18386
