Checkpoint	Train loss	Validation loss
0	5.53388	5.86447
1	5.39868	5.66291
2	4.91386	5.1112
3	4.71804	4.82464
4	4.31315	4.67002
5	4.33135	4.61019
6	4.31804	4.36634
7	4.27952	4.39433
8	4.18921	4.22017
9	3.9638	4.43669
10	3.77485	4.19192
11	3.89223	4.25529
12	3.7072	4.14353
13	3.86347	4.12083
14	3.873	4.09943
15	3.89138	4.06127
16	3.82034	4.13937
17	3.79079	4.08468
18	3.76385	4.12197
19	3.89019	3.99484
20	3.67676	4.05814
21	3.62699	3.99553
22	3.57515	3.93131
23	3.49534	4.0278
24	3.60568	3.95378
25	3.49483	4.00842
26	3.46404	3.989
27	3.51442	4.15496
28	3.52979	3.9184
29	3.54882	3.98931
30	3.14814	3.96914
31	3.29865	4.04096
32	3.28828	3.98598
33	3.27659	4.03253
34	3.34195	4.03207
35	3.21258	4.04317
36	3.34068	4.01014
37	3.38383	3.87545
38	3.22588	4.03262
39	3.26196	3.93163
40	3.10314	4.06199
41	2.93673	3.89333
42	3.05242	4.02994
43	2.99645	4.06047
44	3.06401	4.04094
45	3.10584	3.88259
46	3.09667	4.10005
47	3.08248	4.08016
48	3.08062	3.95185
49	3.02725	3.9743
50	2.83332	3.9563
51	2.72449	4.05747
52	2.74785	4.00196
53	2.82252	3.9616
54	2.93948	3.9921
55	2.85306	3.97013
56	2.9089	3.94427
57	2.97545	3.92017
58	2.92703	4.03337
59	2.8428	4.09267
60	2.61776	3.99172
61	2.6435	3.98256
62	2.70996	4.08909
63	2.65733	4.0819
64	2.70417	3.96911
65	2.71933	4.14471
66	2.69437	4.04371
67	2.67273	3.98665
68	2.71148	4.1144
69	2.81723	4.00489
70	2.42911	4.0603
71	2.45983	4.09962
72	2.46188	3.88798
73	2.51826	4.11027
74	2.59364	4.11569
75	2.5228	4.17218
76	2.6369	4.12049
77	2.56675	4.00277
78	2.65936	4.02954
79	2.64221	4.08967
80	2.50642	4.01486
81	2.34975	3.98561
82	2.44255	4.15085
83	2.3413	4.09423
84	2.3899	4.11687
85	2.38527	4.14284
86	2.44748	4.16989
87	2.46647	4.20684
88	2.48197	4.20128
89	2.58684	3.95411
90	2.16414	4.12355
91	2.25994	4.15781
92	2.3072	4.28735
93	2.32787	4.16454
94	2.31874	4.16427
95	2.30374	4.20519
96	2.31552	4.1068
97	2.40907	4.18071
98	2.37622	4.17781
99	2.40116	4.24229
