Checkpoint	Train loss	Validation loss
0	5.73651	5.94068
1	5.13655	5.38395
2	4.62062	4.88537
3	4.41259	4.67686
4	4.21325	4.59187
5	4.21179	4.37957
6	4.05549	4.48566
7	4.0396	4.36469
8	3.9879	4.24798
9	3.88196	4.27618
10	3.71126	4.17074
11	3.72203	4.11455
12	3.75323	4.25003
13	3.75486	4.11105
14	3.6943	4.14243
15	3.62988	4.18262
16	3.63592	4.05556
17	3.62732	3.84267
18	3.60744	4.03926
19	3.55118	4.15139
20	3.24954	4.01614
21	3.40608	4.09266
22	3.40749	4.05239
23	3.43074	3.98601
24	3.26011	4.03703
25	3.34067	4.05324
26	3.26643	4.07993
27	3.33159	3.94306
28	3.28687	3.96531
29	3.31347	3.88606
30	2.92075	3.94855
31	3.10937	3.93782
32	3.10955	3.96626
33	3.18324	3.92501
34	3.16157	4.00694
35	3.07264	3.79039
36	3.17949	3.80115
37	3.14842	3.8836
38	3.17258	3.97493
39	3.13264	3.95538
40	2.95824	3.97746
41	2.896	3.83294
42	2.90681	3.95089
43	2.97907	4.00269
44	2.99464	3.96697
45	2.9175	3.97491
46	3.00395	3.98507
47	3.08756	3.93517
48	2.93756	3.97562
49	2.80076	4.04038
50	2.70817	4.07535
51	2.78704	3.98679
52	2.78685	4.06728
53	2.69705	4.00955
54	2.79337	3.86899
55	2.70263	4.03176
56	2.82887	4.00969
57	2.85414	4.04487
58	2.85641	4.01803
59	2.8125	3.91579
60	2.57364	3.98241
61	2.57752	4.11106
62	2.55511	4.23274
63	2.65252	3.86177
64	2.66141	4.03133
65	2.6273	4.07787
66	2.57521	4.14139
67	2.64676	4.02997
68	2.65861	3.88818
69	2.557	4.00492
70	2.47678	4.02034
71	2.47177	4.07297
72	2.54971	3.97004
73	2.46896	3.90676
74	2.57502	4.10035
75	2.51308	4.06118
76	2.55208	3.94783
77	2.53296	4.04833
78	2.55413	4.09069
79	2.58115	4.0259
80	2.44868	3.94868
81	2.31857	4.15004
82	2.43057	4.16155
83	2.42819	4.15743
84	2.46269	4.21857
85	2.44462	4.11501
86	2.44351	4.08744
87	2.43951	4.15781
88	2.51158	4.18825
89	2.4959	4.07261
90	2.32123	4.209
91	2.26816	3.93816
92	2.30049	4.11917
93	2.34892	4.19331
94	2.35351	4.15096
95	2.33092	4.28717
96	2.2885	4.1195
97	2.34974	4.2486
98	2.44069	4.20412
99	2.44834	4.08807
