Checkpoint	Train loss	Validation loss
0	5.72588	5.94681
1	4.40845	4.72295
2	4.1025	4.31677
3	3.80165	4.26983
4	3.58902	4.25984
5	3.62815	3.97937
6	3.48936	4.19467
7	3.33919	4.17517
8	3.26428	4.25337
9	3.21012	4.09412
10	2.85524	4.10161
11	2.92106	4.21372
12	2.89453	4.09727
13	2.83594	4.12505
14	2.82669	4.05016
15	2.69884	4.15832
16	2.72061	4.2182
17	2.71425	4.11599
18	2.70669	4.19385
19	2.64537	4.15335
20	2.59343	4.2716
21	2.47096	4.28508
22	2.3612	4.27059
23	2.39701	4.31899
24	2.48798	4.16406
25	2.40048	4.27102
26	2.35015	4.21137
27	2.32186	4.30232
28	2.25699	4.31956
29	2.32877	4.42763
30	2.37191	4.37834
31	2.17007	4.36583
32	2.13175	4.49796
33	2.20074	4.35208
34	2.18525	4.32408
35	2.1884	4.3181
36	2.13794	4.41364
37	2.12279	4.40672
38	2.1514	4.42291
39	2.11114	4.41091
40	2.19615	4.29705
41	2.05659	4.28966
42	2.09883	4.50349
43	2.0031	4.5129
44	2.0726	4.46027
45	2.06868	4.41764
46	2.10809	4.51291
47	2.0059	4.57541
48	2.06064	4.4516
49	1.90355	4.49799
50	2.0343	4.46419
51	1.9144	4.45743
52	1.90529	4.45498
53	1.9504	4.45194
54	1.99358	4.65441
55	1.96664	4.40749
56	1.93771	4.46832
57	2.01821	4.5651
58	2.04065	4.645
59	1.9351	4.56188
60	1.81573	4.42389
61	1.84087	4.53195
62	1.94148	4.59193
63	1.89075	4.53707
64	1.85537	4.67707
65	1.89163	4.82501
66	1.90356	4.47882
67	1.91243	4.69071
68	1.83097	4.65575
69	1.82423	4.63088
70	1.83428	4.74753
71	1.75104	4.56332
72	1.7843	4.65422
73	1.77193	4.77006
74	1.79906	4.6571
75	1.88175	4.77908
76	1.76051	4.82285
77	1.88169	4.76016
78	1.82948	4.64
79	1.80947	4.55607
80	1.82987	4.55317
81	1.7694	4.79677
82	1.7476	4.82171
83	1.73643	4.61597
84	1.71507	4.82782
85	1.80782	4.82509
86	1.8814	4.72884
87	1.74911	4.68399
88	1.7934	4.61982
89	1.84742	4.85255
90	1.73116	4.72817
91	1.7018	4.81534
92	1.71493	4.74555
93	1.75494	4.82613
94	1.75269	4.71436
95	1.70435	4.86776
96	1.72708	4.70259
97	1.72827	4.76816
98	1.74626	4.81534
99	1.77368	4.64259
