Checkpoint	Train loss	Validation loss
0	5.89122	6.04212
1	4.43831	4.85012
2	4.07528	4.51014
3	3.94563	4.29846
4	3.89156	4.29723
5	3.65068	4.34173
6	3.48838	4.15675
7	3.33974	4.25597
8	3.32194	4.13375
9	3.13594	3.99327
10	2.98934	4.09506
11	3.03437	4.20105
12	3.03076	4.13828
13	2.95658	4.13781
14	2.88558	4.22265
15	2.8428	4.17514
16	2.80305	4.27288
17	2.75146	4.19824
18	2.65524	4.24128
19	2.60817	4.31891
20	2.53448	4.30831
21	2.49386	4.3122
22	2.49945	4.34
23	2.44371	4.39025
24	2.4852	4.47688
25	2.44526	4.17257
26	2.44603	4.37327
27	2.43793	4.33455
28	2.41219	4.33584
29	2.35667	4.3376
30	2.28605	4.36598
31	2.16991	4.47026
32	2.16297	4.34656
33	2.23219	4.29566
34	2.24197	4.41759
35	2.21023	4.40079
36	2.18372	4.39886
37	2.2977	4.43537
38	2.31683	4.39102
39	2.22378	4.4175
40	2.08224	4.37601
41	2.0371	4.498
42	2.04873	4.49335
43	2.05883	4.66636
44	2.04125	4.48157
45	2.05838	4.51351
46	2.08308	4.42386
47	2.02395	4.68679
48	2.01535	4.54218
49	2.06314	4.56147
50	2.05415	4.60763
51	2.00945	4.4759
52	1.99498	4.56731
53	1.92353	4.64741
54	2.00443	4.71361
55	1.93888	4.50529
56	1.97445	4.58921
57	1.95456	4.53839
58	1.90642	4.46819
59	1.93643	4.53867
60	1.9131	4.68813
61	1.92717	4.50216
62	1.90953	4.59549
63	1.98029	4.74051
64	1.84966	4.66899
65	1.93465	4.72391
66	1.93608	4.61382
67	1.91339	4.78595
68	1.9047	4.62003
69	1.84784	4.68042
70	1.73444	4.72454
71	1.83834	4.74675
72	1.78019	4.71678
73	1.81099	4.78595
74	1.79107	4.72605
75	1.89939	4.67809
76	1.80436	4.61989
77	1.77835	4.74771
78	1.82139	4.70789
79	1.84564	4.69447
80	1.7517	4.76145
81	1.74238	4.86007
82	1.72763	4.83743
83	1.72409	4.86348
84	1.73264	4.83487
85	1.83904	4.78106
86	1.85575	4.85956
87	1.74907	4.77161
88	1.81747	4.81862
89	1.76871	4.81505
90	1.64462	5.00725
91	1.68351	4.75539
92	1.76398	4.81216
93	1.69005	4.74439
94	1.68621	4.82527
95	1.72287	4.85861
96	1.70637	4.78265
97	1.80653	4.84612
98	1.72189	4.96003
99	1.76899	4.75664
