Checkpoint	Train loss	Validation loss
0	5.77303	6.06006
1	5.15143	5.46384
2	4.68072	4.90834
3	4.3006	4.63767
4	4.28953	4.6003
5	4.07452	4.51997
6	4.07671	4.32555
7	3.99793	4.37326
8	3.92595	4.15179
9	3.79179	4.24658
10	3.69499	4.26961
11	3.72095	4.04585
12	3.76768	4.11916
13	3.72906	4.10901
14	3.7241	4.20082
15	3.62769	4.10553
16	3.62568	4.04232
17	3.54024	4.10622
18	3.59004	4.06914
19	3.57389	4.06789
20	3.00551	4.03863
21	3.4437	3.98776
22	3.21554	4.14743
23	3.38908	4.09505
24	3.3465	4.01254
25	3.25661	3.90482
26	3.41987	3.98318
27	3.36664	4.01083
28	3.31765	3.90462
29	3.28568	3.99194
30	3.16409	4.0034
31	3.12539	3.99986
32	3.00154	4.08622
33	3.08791	3.89792
34	3.16207	4.07552
35	3.0811	4.02077
36	3.08914	4.10579
37	3.17053	3.99625
38	3.16898	4.11363
39	3.02924	3.96276
40	2.63975	3.9522
41	2.82248	4.0007
42	2.97032	3.77111
43	2.90427	4.07524
44	2.81646	4.02096
45	2.99982	4.08302
46	2.95856	3.8248
47	2.9347	3.97627
48	2.96931	4.04829
49	2.93101	3.89037
50	2.82246	3.97227
51	2.69592	3.9761
52	2.77182	3.94949
53	2.77271	4.05477
54	2.68652	4.1069
55	2.75362	3.97036
56	2.75334	4.09568
57	2.76065	3.96038
58	2.8698	4.07887
59	2.77312	4.02657
60	2.35429	3.97426
61	2.56287	4.0037
62	2.61044	4.02921
63	2.68306	3.93479
64	2.67299	4.10025
65	2.65616	4.15412
66	2.70166	4.07316
67	2.6746	3.97953
68	2.67835	4.01413
69	2.70393	4.02064
70	2.49719	4.11075
71	2.423	4.14566
72	2.51068	4.04483
73	2.50515	4.00245
74	2.57366	4.16959
75	2.52457	4.09718
76	2.55769	4.13496
77	2.60978	4.07997
78	2.51018	4.14623
79	2.54515	4.15808
80	2.50644	3.94788
81	2.36744	4.1018
82	2.51245	4.256
83	2.42378	4.15131
84	2.41975	4.07221
85	2.42537	4.02573
86	2.43114	4.01214
87	2.4567	4.18395
88	2.47631	4.12514
89	2.44467	3.93569
90	2.35587	4.26531
91	2.33116	4.06986
92	2.32524	4.07423
93	2.3542	4.1533
94	2.32438	4.26236
95	2.30061	4.23839
96	2.3941	4.33113
97	2.50852	4.21007
98	2.40904	4.28345
99	2.40122	4.18486
