Checkpoint	Train loss	Validation loss
0	5.74543	6.11522
1	5.12468	5.44839
2	4.72769	4.95292
3	4.48992	4.87305
4	4.22735	4.59585
5	4.32343	4.47947
6	4.07718	4.38025
7	3.97201	4.24212
8	3.93856	4.19268
9	3.83149	4.19676
10	3.97865	4.30909
11	3.8141	4.29879
12	3.84996	4.17287
13	3.72597	4.15695
14	3.67166	4.07676
15	3.77707	4.17818
16	3.62864	4.00686
17	3.82549	4.08269
18	3.61696	4.0492
19	3.63895	4.0337
20	3.17027	3.94203
21	3.32926	3.93646
22	3.32096	4.08226
23	3.49609	3.94286
24	3.31036	4.08007
25	3.32628	4.03862
26	3.39147	3.99432
27	3.33641	4.03981
28	3.37612	3.95873
29	3.35859	3.92269
30	3.02531	3.98729
31	3.00639	4.08076
32	3.19759	3.92503
33	3.09153	3.97053
34	3.14461	3.97219
35	3.2292	4.03147
36	3.10703	3.93605
37	3.1436	4.00076
38	3.16194	4.00576
39	3.14243	3.94277
40	2.90335	4.01326
41	2.91714	4.19024
42	2.98467	4.02856
43	2.92494	4.00094
44	2.96469	3.9647
45	3.02389	3.89894
46	2.99001	3.94568
47	2.91602	3.96622
48	3.02207	4.07439
49	2.96668	4.00868
50	2.64624	4.00912
51	2.71015	3.9871
52	2.7118	3.94225
53	2.74134	4.08547
54	2.80861	4.12433
55	2.78254	3.97433
56	2.82302	4.00985
57	2.80237	4.02513
58	2.79977	4.11671
59	2.80608	4.0235
60	2.60911	4.00725
61	2.53467	4.08409
62	2.6174	4.10159
63	2.59215	4.0491
64	2.62455	4.06672
65	2.68108	4.03788
66	2.64168	4.0364
67	2.67559	3.90735
68	2.65267	4.03368
69	2.64485	4.10061
70	2.39272	4.06289
71	2.43155	4.12058
72	2.52927	3.98192
73	2.58862	4.05253
74	2.52282	4.01271
75	2.51958	4.10354
76	2.4934	4.2116
77	2.61565	4.07445
78	2.57574	4.16809
79	2.56954	4.02003
80	2.36215	4.07736
81	2.30632	4.15134
82	2.36326	4.0902
83	2.45015	4.05808
84	2.44225	4.0778
85	2.38005	4.00276
86	2.42754	4.12147
87	2.50425	4.05673
88	2.54435	4.08368
89	2.5056	4.01731
90	2.21048	4.07247
91	2.32506	4.1313
92	2.24204	4.05885
93	2.36369	4.19749
94	2.33691	4.1884
95	2.3033	4.17125
96	2.38121	4.13147
97	2.33996	4.16225
98	2.4303	4.12074
99	2.4198	4.20195
