Checkpoint	Train loss	Validation loss
0	5.81307	5.90415
1	4.02237	4.52539
2	3.75677	4.21364
3	3.58251	4.09772
4	3.46324	4.03523
5	3.20304	4.04046
6	3.21007	4.05909
7	3.01454	3.92587
8	2.89277	3.95743
9	2.82746	4.0157
10	2.65293	3.99047
11	2.6539	4.17131
12	2.608	4.16172
13	2.51323	4.08313
14	2.47016	3.98726
15	2.4921	4.21706
16	2.4054	4.28752
17	2.40855	4.04866
18	2.42686	4.13154
19	2.44904	4.2401
20	2.21513	4.11183
21	2.24027	4.10919
22	2.17513	4.15069
23	2.19681	4.24114
24	2.26113	4.39954
25	2.15522	4.17589
26	2.11528	4.33475
27	2.14126	4.35862
28	2.12303	4.49056
29	2.14416	4.2741
30	1.88908	4.30008
31	2.02002	4.3692
32	1.99029	4.50363
33	1.99614	4.33219
34	1.99098	4.34668
35	1.97559	4.49358
36	2.03291	4.48473
37	1.94268	4.4394
38	1.99884	4.31035
39	1.95984	4.42588
40	1.8119	4.48399
41	1.91878	4.36841
42	1.89061	4.46801
43	1.88054	4.74201
44	1.94643	4.5219
45	1.88518	4.60534
46	1.90694	4.55638
47	1.83717	4.42838
48	1.93442	4.39946
49	1.90467	4.38706
50	1.65283	4.60645
51	1.90259	4.5201
52	1.88462	4.6339
53	1.79037	4.71742
54	1.74634	4.58215
55	1.77172	4.60096
56	1.82483	4.63387
57	1.83202	4.67355
58	1.82029	4.46724
59	1.79606	4.66577
60	1.70419	4.63859
61	1.82701	4.58348
62	1.71141	4.60458
63	1.80348	4.52715
64	1.74993	4.76595
65	1.72957	4.55347
66	1.77105	4.57594
67	1.82506	4.86578
68	1.79036	4.57324
69	1.84985	4.57922
70	1.69923	4.69696
71	1.70686	4.86568
72	1.71061	4.86455
73	1.71146	4.64975
74	1.69854	4.69766
75	1.75014	4.75878
76	1.79219	4.67516
77	1.73285	4.91089
78	1.73759	4.6
79	1.71927	4.79083
80	1.63495	4.68219
81	1.62392	4.75067
82	1.66803	4.75673
83	1.69834	4.69777
84	1.70564	4.82311
85	1.67364	4.69054
86	1.72462	4.75339
87	1.787	4.79122
88	1.74266	4.76807
89	1.75516	4.68972
90	1.63467	4.64928
91	1.70251	4.92348
92	1.64344	4.75377
93	1.65772	4.9062
94	1.63959	4.87768
95	1.66639	4.75076
96	1.75846	4.68137
97	1.67202	4.952
98	1.6851	4.87148
99	1.68154	4.68692
