Checkpoint	Train loss	Validation loss
0	5.42273	5.76689
1	4.94198	5.3516
2	4.31361	4.73198
Checkpoint	Train loss	Validation loss
0	5.6506	5.87608
1	4.96825	5.30857
2	4.40631	4.76107
3	4.17271	4.46328
4	3.9849	4.36182
5	3.86093	4.32946
6	3.66817	4.13289
7	3.66607	4.15205
8	3.51037	4.12439
9	3.52443	4.13354
10	3.46892	4.09557
11	3.19112	4.07119
12	3.32471	4.10201
13	3.08934	4.01966
14	3.12783	4.00241
15	3.13197	4.01037
16	3.03207	4.03175
17	2.88961	3.95343
18	2.90163	4.07244
19	2.9711	4.01201
20	2.80505	4.1773
21	2.66321	4.13475
22	2.62905	4.08995
23	2.56292	4.03862
24	2.61088	4.07293
25	2.53363	3.96206
26	2.54495	4.07941
27	2.49447	3.96549
28	2.45619	4.00977
29	2.47817	4.15706
30	2.18326	4.09193
31	2.21662	4.18861
32	2.28018	4.2051
33	2.26783	4.05197
34	2.24431	4.11995
35	2.31307	4.05159
36	2.19423	4.15413
37	2.21673	4.08443
38	2.12814	4.18189
39	2.15284	4.21243
40	2.10937	4.13546
41	2.05061	4.18022
42	1.9334	4.20793
43	2.01106	4.14711
44	2.04202	4.24534
45	2.06884	4.10284
46	2.01071	4.08089
47	2.00508	4.0776
48	1.95313	4.25481
49	2.02919	4.20155
50	1.72568	4.14051
51	1.81129	4.33448
52	1.84771	4.18812
53	1.82259	4.19711
54	1.88738	4.22231
55	1.86652	4.13523
56	1.77496	4.24216
57	1.85536	4.27981
58	1.7516	4.28005
59	1.89829	4.37268
60	1.68274	4.39579
61	1.64933	4.19866
62	1.66232	4.39137
63	1.74336	4.44619
64	1.66159	4.38123
65	1.77415	4.48689
66	1.76245	4.63004
67	1.64199	4.24523
68	1.66436	4.38387
69	1.67285	4.51006
70	1.50926	4.37113
71	1.50724	4.50951
72	1.61327	4.35558
73	1.57957	4.43945
74	1.54622	4.42153
75	1.55755	4.54536
76	1.57018	4.53417
77	1.56279	4.33891
78	1.63471	4.38902
79	1.57745	4.35925
80	1.55047	4.47393
81	1.49192	4.6383
82	1.44791	4.50749
83	1.44997	4.52664
84	1.56445	4.58397
85	1.53267	4.61339
86	1.42352	4.53456
87	1.52463	4.63483
88	1.5404	4.44245
89	1.52702	4.43815
90	1.44503	4.54625
91	1.37265	4.53325
92	1.37565	4.48829
93	1.363	4.5667
94	1.39102	4.44623
95	1.42654	4.57955
96	1.40825	4.64393
97	1.37168	4.73267
98	1.39818	4.63978
99	1.47137	4.56701
